20 100
1 2 2
2 3 5
2 4 52
3 5 47
3 6 32
6 7 43
6 8 18
8 9 53
7 10 47
8 11 40
2 12 76
3 13 50
13 14 54
11 15 37
10 16 37
4 17 27
9 18 90
1 19 74
11 20 29
1 13 37
12 14 77
19 13 1
12 9 12
5 1 2
14 5 82
4 17 35
6 20 28
5 19 15
15 3 63
14 3 23
1 3 79
20 8 11
11 1 83
2 13 8
15 4 53
11 8 1
9 19 22
18 1 43
17 20 25
14 1 11
6 4 17
3 16 62
12 16 25
17 18 11
17 20 14
6 14 34
15 2 74
13 4 63
6 4 22
4 10 63
17 11 30
16 13 90
9 4 93
3 18 96
7 14 79
15 1 66
19 11 29
1 20 35
19 11 19
10 14 60
13 7 45
10 15 57
16 13 57
3 18 94
11 15 40
17 9 47
1 8 13
17 10 43
9 12 9
17 6 15
10 19 88
2 16 87
12 4 5
8 4 8
2 11 18
2 4 55
12 13 37
8 5 46
12 2 37
7 19 92
7 14 15
15 19 27
1 18 86
3 8 22
2 9 87
2 14 59
4 6 97
17 11 55
15 19 81
3 8 33
10 2 74
19 10 48
7 16 13
5 18 41
3 18 62
5 16 93
3 11 41
14 16 90
18 4 88
13 20 40
140
6 11
16 13
10 3
2 17
14 1
20 15
10 1
15 5
4 15
19 3
3 12
15 12
15 7
19 4
2 18
3 11
8 14
9 15
16 17
19 7
6 20
15 8
10 12
12 6
10 10
14 17
7 18
9 3
19 4
16 15
14 2
1 16
19 5
20 16
6 7
13 12
3 7
3 11
17 9
7 8
10 3
16 8
13 9
13 8
9 1
18 15
14 17
2 3
5 7
17 15
15 11
20 1
19 6
12 12
1 17
3 2
12 11
1 14
8 2
19 18
10 15
2 16
9 14
2 17
10 20
6 20
9 12
9 6
7 4
13 18
13 14
8 10
5 4
14 13
15 12
11 11
8 15
6 16
8 17
13 12
17 12
15 7
16 14
8 15
4 5
9 19
7 15
15 17
7 5
18 5
14 7
14 15
14 4
18 19
20 4
18 13
20 17
7 15
12 12
20 3
11 1
8 13
20 4
17 15
3 6
8 15
5 2
18 11
1 9
11 6
3 12
9 4
4 19
14 19
1 11
14 3
6 6
2 9
17 12
2 7
6 9
20 14
10 18
20 6
20 1
20 18
7 9
2 8
16 13
5 4
11 9
8 17
12 6
1 18
11 16
20 12
15 18
11 4
18 5
20 12
