38201
92176
69008
59579
66921
53248
66164
84789
57121
56672
60477
66413
56963
83558
49791
58651
51143
75521
48149
40875
77036
57841
88666
49403
45008
60572
50581
51930
78552
47633
42513
67442
57811
41884
50467
68316
49989
57447
95668
45536
36449
78937
71116
76857
58655
46540
40368
51213
76121
41705
86517
85694
47505
76361
46462
81324
75274
61123
92443
39741
67549
61302
95777
84889
77954
74819
45564
54000
82663
68678
86200
93152
65209
65725
51468
71221
70333
92983
91163
45683
80396
64213
38635
53555
52303
91731
68229
93208
67664
93768
70066
65472
46689
40927
38327
46309
68976
89642
44051
55464
47784
54852
46893
66009
57594
70104
48244
65915
38286
70723
46161
45768
62674
52264
41098
66789
65131
47352
52099
61330
79520
78883
43555
54554
66676
41027
36557
56954
45124
46004
54308
60305
72759
47889
45407
63790
35102
42586
52326
87332
76094
52627
49875
66135
58408
79322
71337
84378
88674
49137
45454
54901
71592
36094
66309
51286
47578
70363
38198
72125
40920
89505
55208
70791
42312
57585
58432
40914
68810
67958
91795
64055
40977
53709
51137
92270
68895
49977
96782
75521
71318
59132
57285
45248
64057
55308
69456
80311
68346
61590
52142
45010
50190
49960
90121
72698
73344
51813
70346
75160
70951
64293
38687
90050
54392
59479
40846
94967
61360
81906
49929
51288
86506
38800
72168
48964
71317
52500
59543
61059
84438
43660
43879
69645
43394
46645
72327
52747
90384
73341
72090
41113
72656
52234
40477
53231
83561
70336
45903
72679
49760
68530
66218
57714
52906
84823
53545
44668
47957
66531
50039
77579
80423
59059
82745
96490
59164
42206
68578
38932
56205
62551
57681
48247
90387
39942
63712
74398
58655
51837
69536
42592
60984
62276
69311
83827
61390
43183
46242
57629
54636
64679
50442
51434
45963
38515
51016
63791
98852
78390
40296
54223
47732
97181
48932
64199
46137
39942
44893
74792
84256
34690
69786
90480
70979
54162
40204
64554
36157
36052
47134
65465
62762
73629
60117
41104
78940
46484
66831
79193
78634
46704
83193
39863
43680
57992
60095
93208
51842
85792
79576
63869
98921
41050
52191
36592
53803
36311
42654
97212
43252
41519
53659
41049
48377
89294
45098
65108
79975
54306
64793
45737
51353
46230
85322
86185
73344
52142
51930
54102
98795
93562
43719
46570
72699
49362
62239
71834
92441
43531
58504
42294
72399
52746
91056
62643
78138
64326
98433
57552
89433
64564
53350
39885
60692
92683
50520
52363
55630
52387
74709
98511
81110
72687
45701
42000
46488
52363
48808
47474
40333
45033
61197
44375
37819
55703
52812
42173
65250
96981
40163
60071
61807
54762
64321
41424
40130
49946
45545
84256
79084
55741
77471
73579
48574
57137
49493
55009
43141
75611
62277
47435
59656
38607
80548
43625
65903
40889
46325
68529
66808
71684
58514
48797
59077
69897
88858
65441
93264
51356
96611
66768
41204
43066
52229
86043
88333
55378
45096
84289
50360
85743
64496
58114
70172
46650
75327
57882
68810
61352
59887
72559
73891
53332
60231
58730
37272
37175
87429
58542
63423
50753
71940
44118
96977
46715
54017
77207
96840
52365
45519
43972
59021
54412
77065
58067
71657
73884
51132
44888
55537
46554
46418
88910
71845
89175
70857
75100
76197
60043
39085
61816
59763
52024
41069
82248
47904
68753
60942
70025
53457
82626
86740
42892
82228
51769
83204
96505
61496
60212
91627
51763
45702
37577
44770
59232
52231
55833
64773
46365
44092
45913
55068
54671
60911
83157
64906
62360
48044
40463
89831
61661
39953
65839
67345
74796
56812
85457
76973
60579
80827
45507
91554
66154
66765
71533
50761
59945
53981
49591
64208
69398
49288
43874
92983
66936
48059
73023
43511
72900
48656
45524
49447
41875
58380
68657
92695
70913
86579
53696
65028
64226
64045
57096
99084
60573
57570
54003
57328
85547
93413
58927
53183
52772
54003
51701
90206
65703
41068
38327
40997
61928
52787
62735
64673
43008
89354
59629
74057
37792
40550
58735
57502
76512
79966
45222
58333
86554
43879
79796
43739
39120
99321
39269
95431
65106
55081
58387
75042
57577
93816
63379
47295
71030
45534
41000
53439
61044
46315
89498
78081
46004
72416
43066
57706
39955
39029
56219
58057
38506
79159
78110
37356
39413
36472
70523
54278
93248
67771
63144
66036
58880
47354
38434
73536
45617
77938
78138
50276
47366
46861
47648
38531
63764
50698
96678
55277
39409
92130
60263
43492
53421
59570
91930
49541
91878
41543
68892
57768
97370
63984
55427
67077
39468
47380
56558
53786
62164
68578
58579
51451
56858
40130
45626
70935
45171
60140
46559
58887
56852
89696
62411
63989
50830
43845
61123
46592
38739
35295
76145
66279
65590
37885
35032
87972
55735
71200
90912
80939
41582
68986
57520
55686
81505
55007
66219
59395
66146
48635
87715
65361
43746
43519
71810
35295
47570
52433
34226
66626
75520
61807
48850
92862
61047
79912
49130
42112
63455
62624
57323
82789
48806
67213
58074
73575
73720
57728
77140
52493
61636
64205
69444
54802
57742
81019
45345
43523
67606
63976
41104
67319
38869
94430
39892
87877
68589
80388
47300
43826
75257
56329
48717
55279
61633
40967
57529
69895
59118
70462
98989
56105
74824
56096
90650
37695
71334
48165
79493
56272
53997
54419
72402
67947
66700
81972
99759
89111
86776
75512
67165
62948
46737
48811
59628
65667
46098
59264
43814
54480
52013
43787
62846
64672
48564
66143
50268
44067
40712
57826
58563
37940
50198
67871
77088
55821
57558
45459
65403
67787
42381
64864
40455
66852
51725
68132
67883
88514
49401
54531
81673
39022
67371
85769
49710
53730
80775
58264
86556
75518
69641
78897
96295
54166
51806
45755
40712
58320
47295
50518
37563
38542
94921
49263
52438
43660
38375
47347
54812
44193
57339
43551
85069
50195
60503
60713
39271
48749
43671
72044
43832
65458
45496
41020
68346
77782
64705
49360
45595
78267
35658
46622
77967
52487
59847
49055
80373
94624
64180
61259
43979
68396
76918
82337
89149
76860
63597
37272
46628
42540
94229
46230
75274
90529
59294
35724
91346
60605
88353
44634
37262
49554
38739
65844
77710
42761
67804
70840
71010
81694
39677
66745
75871
42158
79468
41752
50613
65210
65079
37977
69878
74344
44360
61530
98487
47049
44118
59627
38263
65335
59357
40466
39884
83111
71373
49478
61688
84968
37874
86048
41749
55705
47009
83283
56261
60870
47719
40463
60337
56760
80570
61929
65310
44006
88147
54357
89879
55296
81366
47415
47830
36449
97152
38476
46073
42051
39506
68290
59126
82076
73188
40893
60259
50064
59638
56230
57733
53759
58339
51859
50454
55274
49556
48811
50190
71861
88678
38837
58318
59570
50931
38078
35954
55465
54208
79737
81991
47365
63672
43549
44649
79507
57867
54895
85908
46674
37012
78633
45179
57435
57724
44333
44722
83489
38401
56732
58991
55024
75667
48228
46318
38824
59557
60375
83001
81860
73067
92603
42255
94475
87256
57396
51763
72480
64816
71574
82824
72485
89111
61843
63845
64389
93428
42072
94327
55083
63756
97786
87457
96030
45422
84435
60769
88337
46995
63460
78138
44334
57162
76134
44144
56336
55901
52831
38254
84130
52573
59480
34650
67017
47646
54070
39942
74937
53372
89192
50938
79864
72769
71834
47775
49637
68343
77151
43900
82252
37979
46040
45411
78266
76575
48702
75963
51549
93379
88234
53676
82440
51620
40041
69533
75548
76880
37356
50562
56051
72108
48059
72843
65741
55457
45268
61280
51878
89589
38198
83052
78163
42883
51051
59009
85972
68754
94812
88486
67293
51982
48850
85379
84152
48506
36043
38025
42627
75416
46715
38901
71276
48610
56780
75741
64551
62532
60742
34809
42277
63224
62547
41677
98977
58816
71839
45857
54479
38723
43294
43349
67501
96315
58049
53970
78126
75353
46661
64426
45886
68025
47365
42440
85079
87426
88858
51645
87870
77886
69310
42811
78710
53312
36844
69171
48239
73803
54038
48421
39462
41713
66632
55950
71178
55209
97379
55923
54144
64682
45191
93895
49329
42687
35450
50461
79462
47907
44147
36582
58183
36558
62087
69895
98834
57325
66135
47645
52452
44777
82719
47456
80305
45609
49859
43293
59853
56548
64816
94587
42609
44554
75989
65299
78580
62194
87081
63566
53596
57059
73464
93321
61133
64326
38999
44434
74088
74260
45650
66270
58795
66947
81072
98617
69341
42475
76806
40574
54812
43096
92558
36078
56955
45505
54440
74197
74886
66217
47349
38871
38582
46147
55992
64668
66788
68239
59225
74149
69593
85069
47979
66363
65834
66625
55334
57469
45571
54869
86848
61086
63177
76469
63618
91364
46619
53681
53478
35157
39439
89218
90080
44024
92349
75570
85943
57765
77235
75485
57361
40948
42737
47189
98064
51385
65063
69843
76745
99855
51482
58333
67276
58831
37962
66509
99117
95910
46993
43060
57261
40784
76277
46066
44579
46810
57191
66160
88659
46439
57895
59312
62830
61990
41388
76008
42809
43162
58170
60977
54342
59038
85307
39301
42194
46992
62515
38224
44335
85974
59704
57886
40964
41814
85769
66404
35973
76087
58972
67079
88084
60987
58498
53670
42761
55958
58157
77361
82920
76935
66036
58897
91305
51205
84581
43034
71166
46458
48849
55884
54754
53304
39281
66487
39844
88095
57817
75592
63214
60771
39279
86124
57703
58706
56257
76790
50456
99501
39938
35782
51262
61331
47761
72983
49878
51651
37184
87434
70594
38869
46765
96226
93435
59001
54792
57572
51289
78515
55893
40312
37170
44951
56949
45957
36590
62927
43832
90898
93025
80854
47327
65010
77554
63652
40761
45548
55381
41939
94404
40899
48986
39392
58193
65449
66721
84464
57504
72697
82604
70314
58792
44867
87392
52754
91305
46825
42636
93627
55336
41851
46757
97063
47381
81731
48157
45006
87927
69672
51612
91909
45351
42062
59436
38869
71534
49409
49031
46507
47751
60123
49999
56642
51536
42532
81330
67298
93062
97910
91638
89215
65230
39571
81771
88666
55234
52445
61598
58464
60925
41780
37546
44867
55156
58238
40954
59950
61585
86498
72532
45397
43736
60851
71105
73408
50651
86996
43290
44774
87198
62019
54617
47461
37085
65706
79913
54136
99396
83507
85813
63563
79713
76739
43894
51384
64858
42183
48849
69713
69017
37345
73805
71803
50395
98520
44333
51646
92741
60375
51384
60488
37525
42769
86512
69539
45189
67569
70073
85554
43438
96606
64360
42519
58916
53235
50001
76094
52844
54118
41123
54485
58714
87617
57819
36645
44817
46239
67606
50828
38001
55713
95766
53183
54812
79726
51836
53933
62501
52481
75914
40265
60699
89783
50001
64651
47776
51204
51635
66282
66933
38763
67190
67964
65884
50125
50031
59449
41152
74832
42921
53730
41210
83466
93726
34264
50410
38201
75169
38254
90615
43033
77028
61370
58970
73637
39536
48146
82290
42305
90328
60232
82768
57354
62768
46754
59470
60768
70661
74708
71030
91110
57207
57370
42871
45913
94125
79035
62551
37343
44550
59713
34690
67613
71557
62205
87076
50561
51967
52603
66963
50824
57869
64254
57321
41986
46079
80838
86286
74120
70989
70009
91524
38357
41883
54916
40086
51251
93000
50453
51125
62719
42617
48063
68755
62949
35973
65693
49909
89440
69145
40508
75894
58930
60687
69383
66196
82919
81548
68127
48167
36844
49969
46993
49840
42797
67657
53596
62109
51300
63696
46703
66283
62102
41587
81778
52473
45175
40002
58809
78233
57840
52457
42087
75193
98432
41908
58754
38593
87870
41859
52106
63231
65036
58706
54486
47633
66480
87381
65979
42249
72055
41809
84051
66645
67210
54213
37906
50064
71739
56207
74102
46144
53697
77863
87978
54275
53073
45545
45229
68313
39538
56492
54918
48282
40272
52041
51235
46439
46993
46698
56523
45574
39105
55107
52702
69026
37619
56996
53522
37570
55872
64256
66550
69562
49149
63591
46354
56948
38201
78191
50271
42731
68148
72208
70269
77200
46078
47451
94975
48977
90208
47790
40541
69566
37356
69322
61830
92007
50081
88858
49079
61553
54659
45186
58594
92845
86972
54772
55009
67717
57215
69132
53403
45905
79356
45061
56915
55128
63355
82634
82127
49591
39655
43266
39690
36562
38208
49686
39377
60212
94186
36491
60195
63361
63347
57106
43372
99553
68878
61320
55078
37502
41780
95534
36641
54736
40877
40893
61511
47376
59824
42797
85168
50360
66890
87996
65310
75860
60557
52142
68534
88775
40265
42756
35567
45147
38824
90322
37296
81843
74328
79053
80208
90053
52844
41839
54498
59593
57889
93835
32372
90069
45549
83139
56291
68596
95960
55107
42359
56952
68049
52143
50258
58139
74092
61561
53403
43976
69848
71516
59505
54517
68413
78333
77270
42939
52639
37502
38403
50632
61507
56042
51947
49932
66239
74422
46830
94686
38872
68808
36254
77030
40875
56293
70777
53071
34782
39953
40550
50917
45362
46115
37366
65246
41518
64477
70569
53037
64304
59386
67442
46180
86259
51137
39983
67783
43470
45811
52376
80682
67408
99392
63807
91658
56545
49410
56636
40631
80211
63474
72121
67438
51944
86223
58974
43801
97400
59938
54284
41603
75066
46393
54038
76122
74207
41582
45377
47297
58557
85903
44139
73518
52330
35102
62420
39934
63722
37577
50877
59059
47514
53997
77838
79502
76602
80567
90464
41071
37964
41027
53736
97447
43663
70153
75892
55293
48005
61379
54278
92796
46619
89871
53149
56313
70758
65428
40633
35973
58213
58951
38869
53352
43539
87845
61686
48239
55407
61639
85681
50061
50549
83595
88209
78729
81108
74227
82219
63591
67876
77645
76629
43231
61701
89938
55097
40341
54918
66402
46030
63895
53600
51944
71540
69374
57721
38971
37250
42050
69100
66427
56753
60461
66771
42583
35960
39700
78015
71450
69363
78717
61657
81677
59335
74287
54110
71158
50108
51823
60322
68456
55798
84519
49917
50248
61741
58413
55674
73955
41341
47206
37356
59514
89498
61134
53915
49634
55202
62369
37964
45957
68624
48508
54933
38100
68764
35862
70439
76336
87813
44542
65068
57325
77307
62337
44439
52359
80969
45117
46920
45890
55889
54285
40954
68578
59861
70606
54308
79857
54003
93288
60348
72648
48288
54880
75124
72572
66655
36296
67210
56477
53317
58967
40840
60067
49365
65192
92557
70886
47466
35862
86655
37909
65238
59832
67149
91025
80529
35862
65797
84817
85299
36423
85728
48431
64684
39573
45695
81691
40081
42893
45010
44611
55652
75136
40970
69381
63401
38515
60769
45290
96008
73481
61436
46148
84448
89973
53797
73686
44979
84365
80873
47844
48180
69292
40284
51498
41832
51204
40400
53352
51734
70307
76739
34284
47489
53466
53504
66386
73960
53642
59680
50018
60247
68676
70782
53219
63102
79084
53409
55730
92848
87130
58459
59343
66936
74257
47830
56395
51342
41590
44372
76604
54212
56535
40954
69974
39846
58651
58553
51252
54330
76351
66818
87756
41400
75642
36923
58002
54662
33228
67349
46153
87844
67048
70586
62483
49436
55592
48886
40028
40954
49496
60872
53221
41609
53541
88026
46861
83001
48579
40593
72183
37343
87006
54363
60802
81413
60630
44473
44591
69846
61779
87240
54029
36428
50190
61004
75462
59656
59582
49073
48861
94621
45903
66094
84849
91991
43655
41297
47158
53893
98997
61382
46910
76059
64537
50427
45266
55336
67714
43329
86234
44006
67396
43932
99278
69138
62269
82394
91004
75488
54472
84933
56450
78336
56691
47016
48536
85315
61356
59570
50571
47313
68314
69827
59631
50925
72347
68195
57970
46661
48342
79410
65709
61511
86558
98846
92927
67210
73670
76458
48770
43766
86108
49283
93104
66257
40312
43029
77467
51045
73758
35157
54275
77142
91133
53213
64029
44162
63065
79724
64335
52027
46053
47830
46861
49246
53711
73056
62061
62750
48704
39439
59680
63610
56198
41026
51399
82146
80686
86576
67922
43787
71546
53315
77895
47364
59149
66284
52548
48173
63664
54142
40761
68767
49080
71740
36592
48781
61120
75935
35873
82754
46552
65641
55212
78552
38208
47425
52779
63894
68053
47064
44888
38535
58671
86871
48403
53958
71320
82599
58380
48467
63370
58201
52260
76216
66042
52058
92134
49377
58964
97607
50882
53963
63829
62071
59161
71996
57038
88715
40967
64320
53359
88005
50999
52168
41232
90914
97767
76361
55617
40476
48536
45354
43658
45626
44876
60045
87813
53115
44071
43233
79405
48126
81065
44235
44494
70250
89335
53559
55981
51774
60218
37709
40654
56252
46114
55372
64495
44791
48995
61715
62377
44825
75462
71366
48010
70850
40112
41388
55216
61449
53516
74569
89498
52778
59686
71200
58376
60173
55332
63687
69167
73734
49879
76382
51942
85784
60990
62950
81456
81165
68498
44873
86967
78172
78824
41039
73974
99468
63570
67362
42313
45605
48024
57988
56611
58289
48648
55078
50142
60132
58128
84601
63322
55198
61004
47700
40541
41005
48088
45608
47276
55338
63906
83530
75763
67232
44065
50188
62998
50807
52790
72494
48591
56164
71437
52159
39585
88353
43445
60107
89426
37760
68554
43081
39041
53687
89337
74139
90556
75314
56725
56194
96299
55655
69832
80315
56816
54394
41731
53817
35521
60208
49591
61565
53936
48437
41691
58609
48151
46372
67481
55580
65126
40431
46597
39723
72555
46727
47404
38516
45855
45574
60646
36336
99684
78070
68607
73483
42821
48311
54484
84321
46066
97951
56065
44145
39468
98963
63120
82325
46054
40226
41495
72648
90982
49464
50071
70118
56210
45242
40954
41354
87804
60107
57918
65813
67144
63175
54221
69727
77053
48622
62850
53142
48870
85432
66398
49096
58146
42272
54905
61939
49931
60601
47322
65693
53787
76560
50632
55975
62164
42455
66788
43864
69412
53401
53899
80587
58607
48857
47297
71586
63553
63270
79924
58722
65993
44061
60017
71320
76794
48453
90128
54790
68522
66001
52258
53861
97544
83025
66618
43531
75860
73227
91518
67811
69452
48842
39490
67008
58254
49856
82504
66705
61880
48299
50537
78989
41240
56189
46964
56548
75518
98905
97719
81911
59452
47902
44826
48066
38559
58563
62998
38824
53740
52114
56797
51478
44888
66400
35732
36163
44381
47527
54428
47150
61593
55414
51455
69096
55066
44781
56644
79213
46515
73236
57356
92695
57966
51520
36858
54239
40851
43203
51944
88071
72688
74264
48570
54392
47608
44934
47623
56669
71468
56561
57521
37709
60090
58220
35973
54271
65063
46282
45632
82337
54100
45345
56244
41975
60564
57474
37457
84571
55239
38801
49910
79840
49493
47248
62396
57191
58951
56605
59164
50359
40572
96724
42343
47364
36558
99309
54716
59847
47414
48763
45110
89631
45609
65959
65344
41166
47058
46741
67792
73973
51205
66688
49107
47608
65192
64097
58504
67681
36312
59660
71208
44079
66386
54359
54086
86165
52998
54133
45862
49977
48849
53292
36032
78848
99164
65567
47364
39131
83638
70127
53668
57913
65585
52338
91673
43241
61216
56551
66803
76568
67607
99190
78183
77490
58980
45191
56629
91563
50513
47912
47180
93958
68343
54392
51110
75061
46372
44346
47999
58653
42592
40977
62523
65624
51767
45135
62443
74045
43173
72115
66336
44578
43520
45351
59035
86655
65924
84050
71731
52445
69375
62418
62682
45521
47414
72305
57670
81514
77320
57766
54719
42841
41045
38869
33175
44173
45434
72248
99068
54559
44628
41098
82291
41800
49410
64381
41172
62915
46458
43092
61956
36104
54150
43486
53327
83116
63394
54393
57421
56947
48033
36923
47252
91349
85424
65891
70903
66583
58100
47657
85052
48802
87737
66171
47163
39452
38528
47493
57280
57819
83527
60132
77512
43739
43874
40985
92559
57370
61004
73024
46004
62469
51557
75546
58990
57596
66031
50269
57085
62312
40242
56249
45964
67209
42111
51553
44612
98752
42571
67811
61511
69254
44437
56037
63545
53600
68650
82982
49398
73158
44993
53893
72884
57240
55725
67746
59978
80728
70221
62057
55044
48313
46908
42984
54827
55812
41295
40023
41626
47225
60102
64462
41677
43619
44475
44381
42744
81385
59197
65630
54252
34510
52653
72782
53352
52639
42932
93817
89753
84435
66901
63429
44861
75212
44270
63230
63769
59570
64866
48390
59532
51104
57071
45723
57504
40948
48612
47499
53074
67599
48760
78059
59811
48979
94440
54763
57023
69688
40497
43329
53312
78105
56850
71657
74303
64668
54625
56991
49078
39926
45890
42625
64348
53155
42592
85987
92893
43616
55346
59364
60508
56706
69824
63846
82552
50579
49133
76106
45234
63358
67983
42277
78267
39259
89349
38181
75327
78558
69495
75939
79788
54925
59543
72562
73554
72962
39022
54454
61615
72414
63729
75957
57001
65386
58534
47568
66614
82572
73421
68607
61513
55157
59368
72499
81030
85985
39953
40462
41626
93342
41949
48406
37927
74669
65304
37885
56623
52500
57681
72673
53893
45547
87411
97552
48593
43355
54647
46147
94104
69437
74573
56293
60317
94229
77205
86686
55212
84539
66279
52770
69497
49318
42592
55890
84358
44542
66891
46970
45874
87076
87108
85882
70644
41030
44030
54665
42222
57676
52421
46150
41832
78383
47787
52591
72701
43656
42871
42257
39643
75490
95183
46915
84838
58792
76572
46750
39476
73879
47752
85295
64586
68808
97681
43438
67060
40063
61511
85837
81791
81779
85306
49916
71740
72362
72501
42206
94205
80620
87381
74419
47687
80344
44721
54750
85985
52835
83679
48979
58087
98297
41282
78531
81644
55673
59448
62944
63114
55627
38134
44774
45124
98456
97774
51384
57546
39244
56523
64585
71954
38611
52070
79613
45272
54634
47013
53016
41677
60322
52837
44368
42513
61243
90568
43308
57047
86972
59417
48784
64411
45603
78658
45416
72021
35504
83291
86324
43390
49240
52502
56804
52012
49557
72393
62356
47624
42411
50872
98648
57724
82635
77402
42514
42294
98193
48618
97045
92460
43222
68670
70609
82800
60564
46310
56668
44791
58979
86690
49871
71484
43064
59802
34782
64813
92559
58843
87449
54812
43865
73467
77056
68357
82158
47489
66260
45016
66501
45268
54834
43978
60830
77142
82321
46005
77471
65864
52231
42627
43779
52796
97127
83026
40005
68465
46454
94752
89791
48758
53206
63590
67746
51525
66635
41789
60741
45858
39279
42529
85281
65642
85987
58411
90487
69975
43840
81492
56141
86971
43979
81282
65041
56127
42241
50110
94330
71829
56236
43899
39713
36090
56706
78691
97802
49826
54288
56022
56710
55930
82994
92763
38286
59458
44929
45471
52550
64253
46743
61148
83141
52098
38197
54118
59607
82518
40039
40035
58557
65054
58220
71417
86077
47009
60953
66457
77140
41359
51719
71804
70577
94068
52297
54923
72327
61670
69488
44172
65256
41655
42204
62567
40411
40005
65836
72789
78420
85061
52573
41044
69885
71707
88329
76528
57882
37804
42532
73782
68208
76333
77641
76600
34510
78825
69789
42647
61291
90205
54069
84559
45048
94242
73101
52070
68937
37435
88590
74753
76059
45402
50187
46451
92557
49096
60701
92669
85399
90632
53306
53061
63651
76382
93940
62142
80563
62228
70394
68848
88994
92485
80414
84481
42000
56430
64450
52886
56766
47634
85427
81110
39020
60330
49398
66370
76076
68974
91784
73952
99350
89906
44791
53236
58170
56733
52479
62543
70550
42906
81614
68293
65362
57768
60057
90081
79527
48493
73771
49326
82935
63880
57290
45689
74544
70166
59530
75913
49199
69580
63114
79502
83611
65545
69402
67726
47565
61778
50189
92796
67980
61107
51046
59424
47505
36088
46906
65706
61055
71855
62010
80596
45555
64058
50767
68800
48082
53142
83684
55058
63138
42787
49724
47009
42787
76501
75202
80931
63479
35946
50695
50501
59517
82252
36592
46854
44071
45887
41139
80423
65449
63305
45282
79092
42980
67570
89364
48520
74917
48069
53906
48758
38357
35973
49490
52264
84481
42756
54256
44861
36098
60131
54741
50300
52006
49288
46353
44916
48288
65515
93308
53775
34298
57469
60752
41338
90745
79036
68608
82219
54268
93378
39536
53801
46974
72044
70974
49977
90097
93435
42435
54772
86778
87316
78498
37502
95037
52097
77732
64706
45574
75197
90438
47673
90115
52206
68069
64663
37417
98879
71079
41037
46244
76030
73899
44069
39729
68271
39310
67937
71409
72009
66413
69883
70586
81943
50890
67795
77856
67901
45170
47425
81979
40458
76122
54944
45407
40944
61556
88270
58959
48285
52423
68929
54846
99815
39655
64952
68608
58824
60466
56696
87586
43867
45459
68548
39453
57855
52053
79683
77586
60716
98160
46812
50061
81858
66199
57761
46239
58114
38938
48388
82073
49138
53258
78704
57127
59892
81068
53631
70685
37378
48666
45641
72541
89372
93850
62627
49463
60739
62507
99543
77307
41949
56779
46493
60522
55029
58055
90917
44508
75803
66113
61153
52152
64406
45497
70398
55081
40541
54079
52879
55085
75463
45147
47080
60195
68522
92177
36170
39381
49281
78673
70804
63326
73866
47173
48570
75640
70131
41798
47592
93465
71941
87139
56003
42103
58603
64791
69297
66568
92180
48772
49826
63676
40914
42566
85500
88678
68840
47985
56981
39374
42576
89279
38958
48238
61636
84529
56584
91423
61943
39992
66389
40899
63610
47744
49288
37488
78226
51174
63881
53129
58046
81858
68809
61710
72799
52009
67109
56918
50592
62558
42461
40715
76689
55089
42605
67448
41160
79840
54283
44134
42821
80648
79735
75939
58595
39687
68029
79840
47904
86412
58845
43617
47322
69610
52414
46393
45563
48456
55069
44884
54479
81068
66217
77518
41814
54217
62686
58587
55140
78037
60923
39085
70068
55469
52207
58098
68652
89345
85168
48285
54647
77863
78068
56989
46582
57183
85586
50830
51013
40356
57363
93808
70951
34301
38515
78151
43066
70021
44071
79975
70864
72798
63508
65383
36449
44033
50847
39542
58557
40784
35883
53054
45608
65084
46136
90937
47370
45523
55193
66492
82685
75307
74721
53117
46039
39148
38645
81507
70344
48225
92848
52105
37272
69295
59090
82774
65508
44301
86206
79677
47018
48019
36440
71827
59867
54525
60090
67255
56023
49878
74534
56794
40518
75143
94010
40028
52618
70279
68456
45089
78489
41859
57594
81399
41580
50695
81821
67827
51224
48042
56947
98402
48421
53277
59081
39731
91392
61957
72596
78392
57836
61382
38944
59337
80963
54245
49451
93253
92757
47771
60692
41146
59327
81389
63114
92412
57071
49325
59395
42727
42532
55480
52879
71350
63903
88565
44979
71476
38510
49554
52966
74092
68409
48784
53268
75254
61489
78059
49659
63269
52553
62881
71920
34782
41616
64485
47364
34588
88542
64350
44017
41752
88994
44788
74186
95286
46066
93583
44945
41396
64342
51163
93283
37873
48520
36491
59066
44381
52336
66405
36303
56282
54571
60007
49216
95653
52982
90299
41202
97508
35219
46148
87129
48356
44162
73931
54942
89012
88415
98526
46396
58203
50044
47993
62894
44173
49996
95238
39731
47003
86223
83376
64152
39319
65982
56619
43190
61090
50585
45499
66722
47624
43814
51180
54785
52754
68244
66738
39402
73716
66419
52596
41121
48449
52363
53510
43975
56542
36956
79688
65072
71658
40022
53813
46460
47226
55099
43565
85696
72175
66801
85617
51300
95966
48435
59078
71658
59232
47410
39164
53247
43035
71221
42099
91506
54993
59085
60701
42636
54375
38201
41603
52618
66439
46689
59422
54677
54471
74992
98730
68522
81885
47051
37826
74742
63601
45730
43614
92770
92086
56766
65449
59909
94684
83729
79427
59164
91628
45791
39785
46456
46689
63380
42243
59367
84433
58101
35879
84039
39884
65210
92429
62187
60882
76900
47616
37909
82352
61302
48321
64805
50719
52519
51072
37272
46258
47166
38820
86168
53434
37665
60612
93911
94024
69166
86391
96026
60599
60521
45454
58767
50379
38201
99270
49714
56582
77782
52438
97389
63921
44069
44523
70605
63591
71065
71592
92012
95104
49954
76689
42585
63787
49288
78415
40692
57744
44179
35157
68679
70847
49628
56871
60646
51217
58728
50333
94782
55466
46939
46519
69170
59842
75160
39621
54342
56837
56744
78839
37811
39778
70193
38198
53526
73874
63097
71659
67980
64418
60284
57578
41388
68361
61491
46939
45579
52502
44325
83044
82864
72739
53041
94040
46601
39566
42028
59422
55780
75295
81724
58663
71389
58575
71283
62609
36506
55950
92515
70121
93993
56770
65590
53642
63078
60345
49359
40431
65587
75811
52639
81731
60412
46318
66788
51137
37378
82969
57894
66646
68711
52148
49454
35567
57811
53310
48673
37272
50822
73351
54581
35521
54817
85582
47868
37356
71008
49307
93670
48429
81443
43828
43652
34650
59479
58997
63674
50064
57280
43869
87256
66650
46928
85200
79375
51645
99863
82461
82341
39771
60149
52727
72626
52091
60420
50103
51386
67943
76738
44439
96104
62910
53181
79554
63188
82780
52610
45846
51871
38421
41424
54440
58092
60935
34548
54151
67285
52868
70225
56235
73543
61321
47397
69187
50960
83833
54748
81701
73186
61842
37025
93002
53503
61834
73579
54692
54121
55562
71604
55537
51137
54120
53484
60198
50343
46496
40985
82189
84291
62617
66382
40874
46840
51777
39621
37906
42195
62154
82918
63764
50853
77209
81673
97066
56090
51111
74289
83967
52217
42667
59395
54880
75042
47965
49448
38327
52320
57356
46208
57023
54634
62799
60528
47134
57315
80181
84769
44194
57795
34227
57879
45343
48434
65030
42764
56338
43162
83994
55121
76866
64586
47687
73912
74763
41860
58059
38078
73501
54371
61843
65269
68955
51108
48641
36591
97007
42192
42111
93438
65256
65586
68754
34565
73877
64093
49026
93488
85093
46288
72138
62056
44508
75155
98835
77735
76714
41677
54079
70387
58171
62704
81371
60463
98153
51727
67883
94838
58376
94467
48659
40913
70184
36958
59164
72900
42141
64186
62306
56653
58557
49875
74976
60322
64657
66963
50589
49121
57855
51341
49011
41425
39506
53657
49127
68180
70439
61007
54748
47171
68570
91680
52219
68126
59629
69840
84968
68913
77735
37985
61755
56115
58173
52602
77938
38545
54694
52524
43241
57521
41395
90415
71162
77247
96508
44416
64794
50060
46939
53814
69434
54563
88099
79638
69007
56953
71079
88438
67125
41624
41593
57989
42842
59713
89423
60056
67176
65152
36588
47099
43932
48521
90067
99056
59555
82326
85004
95777
51587
36428
65193
42707
75677
55655
65307
52895
63119
47249
34690
95579
50396
54406
35973
77376
61534
92741
38554
68084
38403
61893
61417
43663
60363
83785
44487
39306
47437
70423
48860
43025
52603
64585
66839
61854
38515
39225
53218
45602
59593
71834
34782
64331
39001
49907
38612
75129
59278
62097
79374
71448
64647
63228
61660
54280
39773
35862
54630
61844
64425
39906
71243
76035
75174
41146
75149
53841
42473
49461
61916
73260
73736
62713
45605
94198
47917
60682
83632
52828
91938
79874
47677
95135
37241
48063
47009
42835
56463
36033
75939
81099
92147
34690
69591
68734
48239
57995
63984
56236
54101
45336
75095
94284
70306
49586
52796
67684
50377
58961
37717
42116
85373
40558
38121
69339
54479
63203
56928
75964
55182
69891
54142
55538
59205
44819
71053
35114
43746
52639
58640
45281
57290
94072
70676
40005
45459
71053
83327
47976
51724
77755
56284
54970
46647
44628
83527
51769
40099
89150
48948
50427
48499
88070
54687
38286
46619
63984
52307
49474
75221
50359
54561
45964
80642
43162
76666
67479
48079
60821
68476
41682
81762
46188
81046
70400
53097
64321
75703
54029
76698
49483
86452
45714
37482
73208
56647
50726
46255
51171
71786
43070
82976
75038
40196
61735
48964
52728
36939
86737
96752
68025
58114
40125
47138
82132
39764
95468
53592
70984
40563
51822
50187
46762
64958
53984
65571
38901
37873
54142
44894
46410
56023
75713
45459
49301
69703
48604
37208
88311
91132
60691
64862
64545
68294
72227
69865
36169
50079
40339
54638
50369
40265
68895
58473
65782
91683
46231
70402
79606
47972
51653
67835
49792
50225
65163
40400
87870
83395
38353
58577
70364
50520
93268
90288
64619
81432
61422
47414
78618
49579
53719
56257
54087
88685
64358
53815
85593
59005
76217
96042
68274
43218
63228
54868
68184
49750
56874
79158
62924
67514
37590
52382
56365
46231
78081
65795
56893
68578
67804
78869
55595
39602
45979
52574
90769
71343
62055
50803
39815
62533
61435
45556
57990
52090
55802
61974
46388
38435
56338
63022
35883
41543
64864
43419
92525
56249
96842
89337
72599
66742
48296
51967
83458
81515
46916
87076
61699
50327
46873
49488
45673
57356
91950
44028
82759
39758
50973
47195
54844
84884
79099
59317
95826
52445
50289
71056
60103
61772
35879
63674
48588
64254
59090
52916
60665
41378
53274
74455
71828
49212
54894
44591
56947
66515
51682
82635
47058
36798
57214
56450
82817
79766
39729
73917
71417
37435
79219
62619
58980
44511
98071
54552
42576
99504
46750
65464
99096
46518
62116
38901
57416
61136
71222
68187
90512
55017
53806
81911
60910
97863
65571
68759
83989
53760
48368
83096
51485
65358
60686
80882
40226
57840
59713
68191
79186
44381
61449
63570
58779
46049
72007
48760
92134
73590
60522
35732
91814
67504
67837
52772
99451
48771
49813
57059
56930
65746
54721
64331
97912
64365
54479
55930
38824
60241
46073
73312
65914
68047
40572
60198
84780
67681
92561
98396
51312
63993
58088
59320
83422
38515
42576
37015
75016
63428
59613
54573
49915
67079
43261
50240
63417
64515
45485
63570
69694
91196
61379
76191
63068
67922
37012
51224
67509
89637
54352
80806
48182
59452
58170
47609
47660
52545
76889
38192
40551
50341
58958
69560
46076
43798
37502
81160
41434
74093
58855
60857
42189
46571
39813
99214
45913
67091
49483
57940
60061
72770
34782
43072
40064
62360
42348
87421
37452
60847
74994
67610
52318
57012
79029
63204
69976
41518
94025
56949
49820
59195
62111
64640
59384
54217
38577
52089
43979
56227
87385
59704
41282
53115
37356
86636
92131
47288
57882
64231
80017
56672
43396
56937
39542
74933
95757
80920
52657
45253
45108
43355
43547
56399
62544
55930
41682
39885
49117
96316
40840
42707
36327
47757
36844
76369
71668
55079
97843
47623
41930
96308
54505
79652
52248
64603
79558
68732
49608
51877
53284
51940
40060
55311
75513
68960
36624
62631
70180
65147
38869
55081
58645
96411
52774
91748
78041
59631
42479
97043
46449
69339
53266
67778
62297
49100
55312
49440
53723
37178
36590
43565
55992
52166
72215
59095
49512
48928
61296
52715
57723
49325
45891
65877
93455
77429
63074
42431
40692
74779
45229
80995
88715
82685
53834
83877
41495
51251
40578
87451
56301
49418
59178
46514
51382
55725
67876
51721
45556
54384
85679
49766
42989
71684
55298
51122
60967
82693
68442
43561
54268
36809
84225
57806
49863
68167
62617
37815
56365
42074
39714
87296
59890
40985
41201
48178
39642
93525
45684
75331
66140
73158
99321
44951
34690
55008
47906
78421
43719
67672
56354
51859
48101
79493
56893
40568
57401
68431
40851
89325
49297
67970
59625
54398
99495
65932
45313
41697
51478
48948
82711
55043
37927
36923
77520
56801
46488
65586
38869
68421
41399
39962
88994
77015
90884
59995
85920
61520
57819
73208
38403
52289
88638
39882
50685
45050
42714
92453
61345
57548
60041
94412
53834
93562
61097
48386
62216
39456
57964
45128
62843
94278
63004
57107
65813
52096
75337
42841
41917
42821
47774
41841
44665
41037
54712
84946
43190
40704
73373
57467
38505
82405
43175
74045
64819
66092
67670
63618
69507
58972
49307
56227
85027
51220
61725
37329
51940
43238
44286
87839
37201
55977
44916
72549
73791
53300
41551
39001
88858
62254
40017
93062
54153
99759
62936
48911
48547
55100
57647
63876
73192
75254
82147
39236
66710
42714
49307
70799
75384
51795
47621
42513
37356
59174
54833
49654
85487
54452
58263
64607
58178
39057
92120
79375
80598
53412
65011
46299
58727
47152
44534
96442
67431
74132
75117
58898
36809
82811
40406
62894
64904
58633
50444
70935
37178
54982
60250
78955
51170
71658
87136
52376
85810
99759
97329
38406
42171
60942
51222
47972
87816
50324
63116
69917
82513
50277
45799
65479
63181
81019
66625
44534
87004
53901
42294
68090
45990
47340
54243
34869
74178
63279
63064
49458
44988
39673
57194
41282
46481
92757
47752
71743
59879
48574
87574
40220
57786
45571
84195
60044
54104
67338
94666
46830
99543
78821
55458
49177
50038
65032
77307
36732
67882
74427
88054
58203
41643
39831
49863
65543
40784
90632
47094
44878
63455
46054
50695
93726
79098
85004
82341
84226
56510
43120
57295
79457
72426
85364
68080
69044
86236
68064
49970
43772
68081
84625
41160
64026
88121
46532
67904
56461
56419
57457
64240
82635
50064
51168
64312
50119
65759
82490
66730
44611
52280
41023
74885
46248
97696
41539
41243
89495
66724
66398
46910
61199
65276
47354
52796
57439
59734
96101
66165
80020
45484
53510
75861
91648
65873
71402
42220
42572
44028
41945
72687
39515
85507
46239
67937
91814
98627
70779
73706
78233
94236
76813
57944
62356
39739
56261
39373
52142
45565
37731
46050
82806
62012
43157
52455
45766
52699
94636
59054
55645
54101
64545
69411
82655
81895
90341
75498
54665
67256
62736
88258
73807
61972
43029
44803
77300
73935
64889
88650
44391
64619
75348
92008
81399
45048
35883
60327
65094
45917
42341
58959
97378
70699
51436
39623
62074
74492
55374
82740
60458
49340
81410
74092
49184
92236
45785
86184
38846
40328
76371
73028
53548
43909
60218
53856
78312
70963
63432
51334
74466
95409
52435
45336
52115
51780
37435
50312
59308
39374
43274
99428
51757
86677
37908
36590
49518
72801
73351
57246
90373
50383
71200
61856
55578
59760
53767
42959
60738
97557
53097
55837
85877
58306
52306
62128
53524
55293
83439
63284
70154
46727
47262
45405
71743
60277
68938
63722
63722
51514
41314
83178
89305
40550
45672
46854
71236
47784
56306
53213
80050
46661
63112
48828
50343
40754
40913
50526
58643
53760
68140
82852
47942
57149
51347
48987
38403
96104
38171
45454
44367
61123
64160
56711
41631
38739
65051
86123
55938
41572
46448
51683
59164
41839
50525
46021
86542
49039
52327
86400
68424
61470
70633
74146
38353
47216
47427
84924
61922
54868
61723
56642
44611
71248
71037
60625
75391
77183
54979
58017
59613
88124
57761
89778
56946
80135
61813
48610
59100
75751
70309
77354
52150
55721
40943
63428
52765
55732
97007
61626
58767
35197
50102
60241
38171
67227
64331
43321
47478
62791
73891
40846
47370
64456
70052
69262
38800
52575
91833
93129
36336
89350
86770
81296
81185
66886
51347
47869
54748
47334
41751
36109
61649
37885
85937
62345
49536
51482
99162
53028
45312
97719
72806
55655
76289
58504
86681
55299
50846
54477
49677
40265
74648
45823
38403
36088
38138
48133
66945
47605
48075
84047
91940
80136
55371
71985
60455
42592
60435
84462
50142
60890
99975
53367
67492
47789
62372
46208
42751
47599
70216
42787
45124
58220
71090
85395
59668
37601
51982
84015
54944
57747
45345
82335
39970
60102
53504
51877
34092
60562
47790
47425
52803
81241
45548
99921
39846
64876
48060
60625
39831
42206
54959
45293
51987
72579
46531
54787
72997
51619
57225
66172
48059
46314
60842
89640
36239
56981
40376
44611
68791
46004
52184
36052
44628
78299
42738
47912
46632
75370
54929
43618
76602
38421
51746
39884
74780
83193
75163
41092
44010
51992
54245
44254
79515
93993
77432
45000
58054
44243
57574
53337
41566
75817
55125
45058
71770
49668
49470
51436
38869
50490
51612
75925
69985
66373
47226
61727
51646
57297
41956
37817
44470
68497
44473
84968
60738
91424
63269
77157
41590
36624
98564
44071
80760
55456
41005
81255
84261
53719
80722
62379
62607
68685
50244
97912
72656
58727
79858
37885
41164
48595
42912
57451
50417
57272
52013
40858
47709
42563
96964
77083
47096
75083
48046
47618
91656
85033
91502
48557
58432
75061
38505
71200
64425
55747
44785
69623
52316
40694
45940
44151
72025
51262
44670
63595
39621
42841
69680
50167
39306
49999
90096
49945
43874
87227
48834
54648
81065
52831
60097
56338
75193
49813
99117
61123
68524
72153
82181
66358
88143
47414
51512
50461
70776
83466
96560
37909
45124
96221
64838
42821
56277
41146
93431
97439
92134
36256
45563
45661
43374
46684
82361
52174
47974
50494
57418
78492
87221
37814
68049
62337
61390
43173
94747
49722
64352
77030
46141
47689
50110
42050
42499
47178
62127
51341
62523
47347
83906
71909
45632
46086
71658
47365
59480
62656
77603
80736
57558
39001
43193
68770
47774
94314
47049
40655
65957
85571
88715
57620
61394
42756
65905
60675
43808
36311
46910
42592
56562
58459
37789
50903
39802
39482
38286
62493
39291
75402
48595
58595
55557
95837
65277
44528
80804
94290
41528
50244
79992
65306
39723
43237
67360
52515
54167
61990
64838
86217
52739
48164
43565
95691
68127
53021
57737
65679
58702
58594
65036
93383
56895
44269
81901
79574
51441
63255
91638
96547
47565
54012
80412
59397
76506
58070
77052
58959
74410
49070
50217
58006
73772
63428
58600
74071
51459
45587
70293
53596
63838
71309
42486
52235
70085
93491
38327
44719
68802
47360
84158
41182
46363
96211
59521
45454
49527
79412
90742
70633
87983
80183
48623
79654
48520
57797
42532
40876
87926
91897
62881
77866
67425
43531
50490
87666
62298
69655
39141
52547
59868
58141
40400
53809
94603
53008
78914
69890
87901
60136
79363
65494
54039
53666
70508
71672
48758
60466
38751
53971
46651
59373
54630
55209
55552
88554
58880
49803
90991
43242
94876
54122
54561
44220
40889
57730
50731
65133
51342
45977
42764
67388
40893
77757
43697
93457
79881
53951
63712
57356
57937
58665
55078
52537
62952
55973
85393
87778
47173
46559
47251
56595
55873
49552
66417
84720
42149
60872
61168
97468
63948
48016
55545
88586
85039
64712
44486
53650
98586
69304
72524
60508
61457
99051
62812
54133
39987
94339
82065
52588
52116
77782
81767
44719
54583
78675
50461
78362
50125
94010
50044
93168
75210
44350
43162
41400
80323
65614
74551
84759
44963
86377
67865
67176
79476
58679
40427
46653
45124
62609
81989
73155
53287
63604
54634
55781
82386
41650
37178
95847
55778
80059
59962
58240
79550
59485
74171
44180
82434
70459
51507
92799
59419
45645
54287
44895
67913
53269
63679
89027
89987
40463
54734
47427
45251
37977
57820
40441
93793
52421
54306
73446
66799
72725
40990
49792
53500
42847
86741
81233
40899
78081
82582
87737
59232
63188
71935
56111
47954
70267
86736
70622
88971
53100
91735
67811
62171
95684
60322
78621
56763
46054
38649
71337
89136
69294
57157
99950
50707
86475
52553
53139
45095
75169
56320
68802
84653
35883
87794
90922
54056
72328
38800
65013
94040
42960
60523
47347
43316
66390
62405
54575
50935
69249
57813
76506
53234
57435
60834
71422
89753
95581
34092
70221
59186
49250
66213
40567
89164
75632
60653
53327
45135
52131
54953
57571
46854
65857
43260
63999
34510
92660
66024
58872
59948
61158
58168
43838
45967
99755
54306
71131
66142
36169
65358
39757
85082
65027
65624
47111
69096
60294
63291
56675
45258
53082
36858
77618
63460
68529
70439
85470
51180
40479
40290
78452
52010
56180
45551
57681
65699
88928
80915
41366
77613
48357
87504
49140
57920
69892
58135
97385
82973
54918
95699
55798
56817
41084
54716
59713
53794
63370
60557
99531
67225
55603
74570
44240
54243
44960
54379
70651
46554
70641
44194
52500
53066
87411
82718
69198
63791
42513
45495
47044
41449
59020
54698
48881
90245
41549
42859
50187
60415
53117
65279
53964
38869
60279
72605
47751
84831
57140
38930
50561
46620
92452
59095
65697
83246
59156
48779
50316
41232
64896
88784
55374
74657
50109
38886
88858
56675
57661
77229
65054
88851
46255
58803
40118
60284
67772
42712
44358
61433
45553
81921
75127
65565
41915
42087
50348
49482
56927
54845
39041
52609
54593
75812
40076
38286
41074
45759
37995
98516
50066
89316
73643
57035
64614
60377
66021
42361
85751
56780
57106
87045
70885
40227
59279
95376
77735
53258
93057
60522
66134
44815
42687
63002
78456
73259
96437
96569
72134
51940
96316
46903
58236
62510
69488
53626
41591
43869
61173
45963
50668
69499
42191
63523
61321
49911
59163
52081
65979
70951
80276
85379
51840
55780
39085
61999
64564
71148
78090
63828
83295
86303
75362
62051
40912
63018
44274
43781
55191
39124
63293
96408
83029
63172
43867
79515
35567
49521
52585
38386
96246
79046
58951
61177
43394
97741
59099
47816
39462
65095
56547
39602
70307
63621
53834
81572
45953
75374
58220
77671
61657
42141
74700
74872
49865
59950
40737
62228
63690
55746
58136
61336
62431
36303
97179
39781
59007
49729
59081
56653
42647
66979
55363
37272
60691
49840
50834
44611
57251
38745
66275
69232
69242
49230
54607
56338
95298
53760
45697
54181
94203
38642
41705
86478
47205
55812
49604
45791
45520
53422
46605
65468
58504
53248
44473
64774
65536
82873
60626
89372
46115
58199
64368
71152
81636
64475
90576
50595
60718
97188
41567
85165
40254
41804
88234
59164
54552
54461
40541
60936
92456
77140
92136
83024
68944
79379
45830
53958
40476
77282
62292
54535
36830
84519
74093
68853
79576
47633
95879
41751
57326
80050
67821
55600
78673
70241
57822
47354
86770
57076
52346
68276
38263
87539
47437
87417
55121
95478
64778
84780
93042
49896
48910
95222
51683
57435
86866
99448
69920
51213
54748
52297
54991
59075
48584
40725
90167
47226
91854
99649
44387
69178
52394
70626
41511
76210
92498
52588
78193
58836
62935
53734
65479
83166
64058
44776
64355
54722
60263
82635
39938
60262
55635
72692
86406
37549
40400
50410
48758
65378
67149
72853
73842
45555
43438
55081
77743
38820
64712
71079
77488
76698
62894
48075
62791
34744
68982
65180
43192
54862
99135
48732
71951
56112
56928
62529
59176
68301
65847
70285
69751
54398
96401
82780
64656
41293
43312
48075
83534
45268
51451
79246
45247
77059
44582
68807
39461
51453
62543
53734
88263
61828
90502
42810
61868
97026
57476
39906
46393
64153
59920
65661
57932
49591
58424
70044
77292
48558
57840
76259
38739
58633
40463
55299
59384
92931
55343
46114
54797
47173
58142
51512
42810
57001
55945
52470
62144
68860
57033
88055
80031
75824
76491
39118
62012
71342
35891
69897
67177
57834
56410
39599
69338
47466
72179
53657
42734
95038
41447
44770
55148
43190
73969
92559
59634
35567
62196
97495
47967
42003
53428
82314
56786
47189
62943
55841
57571
85048
40226
73302
95568
43329
49826
96821
70996
51531
53730
51861
70250
47629
49237
36336
73556
58714
59772
54902
42111
37654
67143
68265
63991
56450
38025
75264
82061
55465
47049
51478
48842
42119
68324
40985
56390
35102
38583
93716
55617
49074
48090
35661
69574
85471
85685
68885
40712
42565
43335
78429
41882
40463
67619
43983
57162
46218
52057
62881
55756
41202
39434
71428
61367
41107
44669
69424
48164
42813
77233
37995
87612
44806
72026
72485
69669
44583
47548
76924
58135
87998
76505
63167
57176
46518
69502
56645
49972
41164
67610
45411
40875
52349
59855
48996
66700
60968
41197
51384
46986
51045
61280
43930
42368
47433
44951
38515
54808
72354
54175
54486
57990
53472
57047
62435
97305
42554
49989
38403
65188
61799
88378
87496
60532
76019
56558
74796
89058
52893
89316
60950
65667
60161
86249
59436
57112
79387
75327
46862
47588
95653
73651
43691
40755
86589
89000
63459
56716
52075
67882
80392
59488
57747
59660
45507
46241
48726
65564
90100
74957
97761
57174
57234
62981
77877
38869
54401
84968
99855
69816
41378
67509
98948
35543
40889
57133
59686
37403
82143
67934
56147
68670
74503
62155
87180
63519
48645
73122
58880
50523
99190
50501
66312
91358
59643
46674
70980
77004
60883
37281
69881
50250
78972
84502
42555
62249
45566
38901
70441
91293
43579
52994
58643
62216
98415
70247
68765
53059
61609
43470
77119
65569
38846
63841
49055
62126
64756
47452
48986
58999
85185
41268
59402
97016
49213
48595
93139
99599
94984
38482
56880
85792
52445
77829
59530
49288
51405
38286
57766
41539
89209
62164
64172
60198
55212
83561
50006
48345
43075
58264
67951
49199
59958
60617
43202
41682
60283
74967
82939
66854
40985
38186
43222
50065
61609
64505
54349
69355
52880
74534
48857
48145
48047
61882
79854
56329
51348
50569
53686
62627
40519
74953
58436
66164
98328
40551
34226
54187
81897
74936
53964
46797
45632
61495
76123
44252
61299
88713
81785
69172
60745
63334
48430
42636
90668
55552
52199
81992
42093
57069
45423
39970
83507
53115
58183
77970
74618
74343
72678
53008
47272
39506
81883
54105
74844
73410
95569
46414
84418
93062
55342
75102
57214
74763
39105
70869
75512
51030
45471
37435
42583
63618
44451
46043
41737
38327
70029
51623
79135
58679
75109
40637
36256
35607
65751
81668
68423
54821
43656
47791
59625
55531
61472
36426
67489
85242
90789
56281
68784
49133
64223
60179
44843
46148
61691
78687
58059
41272
88575
83595
96042
62091
52877
51268
54470
41213
63910
98307
56461
71861
89806
48569
84465
82754
63479
87511
47049
77034
47352
79896
50400
62529
42194
94296
43531
36587
40692
47752
59776
45424
90228
71918
88975
45714
51752
42959
50216
55761
53928
63291
47923
98607
49343
42756
60870
45714
54306
38593
54906
74141
40985
37631
60418
71598
52970
46007
39905
52667
59038
53835
74756
54012
41694
77512
41958
50111
46597
73985
70280
83556
60185
64328
65073
51288
34510
78163
68935
53702
60910
81531
57886
79816
59527
80113
52626
71805
44040
76794
77853
49337
45628
78510
53274
49058
44839
55804
83949
46674
46594
56065
57251
81533
63489
68195
56779
73188
84302
52394
73972
58576
79328
62452
86140
90125
63280
49349
47812
98336
45484
76582
49074
38421
93314
41388
53984
96842
50838
66766
67871
48198
58523
53581
69180
56562
91161
48104
58266
47252
47872
81673
74949
51348
54881
59860
57197
36939
44561
64632
49813
61370
61685
63965
38327
89815
79728
43005
44508
47237
82538
46121
38171
49083
59908
49767
48437
64391
76582
80254
69827
46472
34226
72806
38286
94242
48239
40914
67804
47085
55213
80059
63840
63716
82438
83630
61030
57168
53393
56626
58114
64456
48033
41232
52668
40005
57332
76515
54589
57350
78037
81030
59507
85097
69934
62912
85500
54868
47961
66528
39663
41071
61058
60038
63769
67239
70290
39022
82207
63393
45699
46553
44027
62418
53514
83024
96961
68011
38403
41424
66788
42300
48566
65150
58698
46130
89987
52573
97458
56672
51620
63524
45399
69166
53696
47327
39905
43261
58933
59367
47161
36088
58620
51709
76113
62860
44062
88531
86144
81758
67126
57570
66816
68180
59612
52421
51215
45399
80183
52152
75158
37435
49723
86544
44628
47001
84857
55531
78677
74067
62113
42990
65736
91862
45758
49031
69805
45113
73612
50130
38495
49151
54470
59430
49409
54477
58073
69686
63660
57316
66282
78266
47433
94399
97324
75831
60294
47466
54636
62405
55741
49769
70043
64320
52203
89320
45830
44582
67560
38691
50624
42847
40983
91060
44511
36809
88158
77471
42021
65210
99174
58040
55513
47342
85200
69920
77420
50695
69351
50355
41565
56069
76689
84133
37457
49524
63059
37672
61670
69164
57055
80879
54667
42695
44439
61967
42111
84111
47571
81320
54305
42277
46737
70045
56365
60348
76202
56523
68367
68783
44358
55853
53936
44748
40627
47152
87940
91586
54915
47568
58179
63650
45485
67360
77461
95456
49313
85027
41447
87366
36088
60407
52602
67738
60219
42830
99555
72559
77706
55299
71075
38903
49910
56108
73955
67806
46050
92183
81017
71546
58159
82970
49897
88192
94422
41431
64890
83042
45444
38201
66954
45454
38593
53451
99537
43771
54900
65202
77320
47882
69351
79342
70795
51785
46943
51533
53605
44857
78122
53307
87150
39875
48311
80438
57348
39721
49809
69569
46862
68929
58727
41081
49471
68972
49133
52023
50536
36670
52826
78329
42984
46908
42592
40374
72363
69384
86022
64051
63895
60521
58272
54947
61453
98073
54959
62290
61683
51167
61266
41431
65836
41641
46329
81467
55676
81071
39345
67785
43651
92816
84483
51742
41027
51468
46518
48964
64260
61657
96693
46488
54261
81689
42627
62071
68634
84972
86017
58751
51121
60350
64572
63635
46208
70558
61561
46562
58255
60410
56836
57895
40899
46270
41160
71437
62444
83790
53424
45449
61589
55988
38357
48296
79457
45432
62247
64111
45747
61633
42320
52256
58915
47466
75794
49821
50120
73982
46053
65909
43924
55684
47751
55274
37435
40477
35114
37927
87003
52299
36449
36033
41999
60103
74784
45907
48744
95395
71512
48650
40669
36641
90708
43801
92557
70705
49848
66608
74045
47195
57948
66135
77907
34920
62753
49567
50513
44248
81533
48946
73785
82518
65058
45872
45791
50462
86296
95109
76182
87020
52814
49818
42978
34690
54636
56156
46982
87285
35102
87518
49328
87818
49874
67633
49163
65250
40364
45197
48009
49727
42536
43151
66207
68990
48131
71211
59384
54393
44434
63660
55791
54104
60107
60198
35359
83474
52986
46054
41781
51180
60689
46040
53510
64468
36090
51930
57818
53595
84427
37993
51140
68346
45124
60125
60625
62686
84659
39917
53439
48860
56513
79860
43136
80893
70964
48091
68064
71725
78372
75406
62469
51674
62310
84447
51029
90506
51765
95653
93624
74262
76963
50591
49418
56865
98975
58266
74324
54520
55346
59017
94947
74551
49604
69566
68569
89218
46163
44381
42219
43643
91394
62045
42959
78198
92857
74187
54960
40874
69375
53126
55250
62766
48140
44723
46498
59164
98532
51646
91195
57669
73712
51651
35741
41851
53806
36844
58443
40761
46238
52169
58557
57326
49023
93181
93404
57179
64438
68976
52610
60350
86313
34230
41798
90876
42461
57457
38421
76831
62579
74763
64104
72050
43719
48217
55117
55967
89058
92391
43957
70622
72363
48176
54935
60132
87304
39813
75277
38582
75989
78579
37869
40476
82638
72695
77361
64572
39536
42812
38808
37188
62810
69665
43099
43185
60723
49568
53220
59594
95550
94819
45200
42320
40431
90974
34690
62513
94295
69549
93668
46865
54722
76971
79084
54211
75207
67445
62281
51281
71825
52350
48126
38824
62810
38203
53820
95079
59311
61890
94315
49885
51699
42787
50285
94330
73848
45242
66557
76636
51822
45251
62490
62126
36303
83550
54095
69255
59625
66255
43016
64832
43202
42583
74301
89688
72548
59415
81197
43025
70145
54172
52495
52039
42479
42229
45507
61842
54543
47533
74116
42692
43261
70221
48903
50695
74914
71540
66312
50130
52174
79502
76123
78192
73281
49620
39830
40913
45189
47807
44254
62388
62957
99052
76557
85852
92410
35504
59489
52958
59853
37544
54624
70434
45423
75547
51290
52052
50064
45399
67596
38393
60444
61982
46274
38266
37546
45565
58679
57600
65166
46454
61834
46737
97424
48251
59311
37979
79728
76985
97179
64425
63640
75645
60779
89349
60977
45216
46200
54436
38127
75435
48378
50490
45051
38545
53128
67790
70008
71743
47152
81279
53649
47752
69978
55186
81273
66211
69728
42451
45348
55939
51434
61078
88480
76506
56323
89920
62297
51398
44941
63401
54294
65106
92233
53899
52602
51533
68346
40376
75891
60194
69131
62790
68320
86023
78007
48251
65063
83256
68415
95362
54796
43705
54970
68878
63987
87330
48758
60238
45792
54480
88965
78092
79062
50081
40076
45348
67887
63430
64679
51840
62960
87068
63514
77488
75989
83379
57715
61472
42982
45283
38886
69250
62448
36025
70485
68682
37435
61726
75463
51235
46728
48145
79375
40855
64273
50062
63365
60617
36494
61762
68972
39938
71491
98402
52886
39230
38432
95020
75092
79432
88141
62142
93243
61695
79811
82655
52889
76100
69490
65376
64688
44473
63157
70552
56981
59322
72085
53521
99466
56486
74045
93145
72139
54139
40985
44793
67362
65275
77778
39523
45520
43556
35178
40526
59857
81325
67420
59417
60984
54427
45423
44921
37631
56336
70246
69885
84903
58649
40783
54177
58163
87227
46054
78548
84681
53510
57476
54804
41675
42438
53578
54153
53016
99902
61040
54480
59435
89352
53596
95211
93628
43359
57328
68976
65068
46341
39240
70085
46965
67249
50791
54554
35254
54650
61299
39764
34301
37834
54012
73304
73478
55103
39094
68696
73620
43539
62237
64694
47064
77200
48818
40321
35102
48612
41539
84857
43688
50478
82353
49125
62115
95173
84659
47392
46562
68325
38321
93779
50692
47133
38386
72083
50530
50980
41534
65405
49828
78081
86126
53002
62266
51504
69338
57709
38684
49706
46176
57195
87442
47481
86648
41146
45545
56254
87859
45124
50001
34226
51030
49813
55721
53712
79696
42593
48285
42145
36585
46992
68754
52242
49518
67926
42461
81747
56105
91542
41017
64335
74819
53664
46918
46143
50885
42924
95216
93137
42341
77331
61640
49362
47784
70363
54081
52580
69515
66761
77485
45939
50766
40254
69860
75490
79865
55363
57898
39901
53755
97767
68665
80985
38171
70378
90604
82599
94023
42666
49646
66676
49714
38100
47527
84581
60113
38100
44035
50233
65722
45963
53611
68422
76878
69499
78852
59179
98188
69320
50423
66754
83040
45454
56952
72601
81928
42230
39409
63679
57010
64768
58387
42841
57104
59595
47557
39938
56180
84871
87808
71053
41020
70547
54676
60872
65487
71943
43314
55724
34955
65228
50645
42204
50943
58033
53886
47392
72288
67462
59548
62420
94195
61530
61283
66323
47088
72807
63396
61044
43921
50027
71982
53306
59690
68049
71727
46992
60760
84802
39992
38538
42382
46603
54235
64026
86124
45808
45703
64270
59378
68658
43762
61367
50286
41974
57882
39906
60557
71618
62631
71548
73643
90864
96275
69353
72976
97729
68578
58886
67546
87756
63838
54797
68696
62015
59907
91191
44553
48732
90266
84438
58795
62126
47614
54777
85745
87782
73464
53433
60450
44162
69590
81167
49414
37502
86759
62957
39942
56654
77336
63690
64254
75961
38336
76364
55249
92472
64572
65380
50591
85835
94314
52444
62866
89060
65795
60857
75761
63948
91071
77672
49829
77899
76739
62226
59763
59782
35973
61854
61497
91629
93446
92912
69920
69953
51455
35768
84162
68976
76840
60140
78533
92003
46216
66586
52274
72121
42157
87672
85395
56760
58279
76453
79035
34264
60756
81772
63721
51594
38869
43194
62766
62164
37343
53526
65334
46133
52196
45542
57473
47344
59345
70330
46743
54284
89140
65080
43085
50803
59448
42989
49823
75197
41378
55293
44850
67353
51686
61513
37390
60465
64269
77708
48623
89782
55159
78175
65284
72393
84592
71142
48623
82325
42105
42592
81754
73227
54996
56774
66936
82616
52261
54211
52873
96233
67852
46234
77054
89857
94497
83121
44032
61854
86451
38357
49454
49740
44110
43667
65361
71234
57502
49192
54164
36844
47943
46041
43879
68885
84019
51479
50174
50166
40371
69304
63417
96611
51262
72134
97023
47126
71596
65985
73023
60302
47482
40692
67658
64486
64930
42179
61112
42923
65071
60713
66255
47088
57480
62332
39369
88196
88214
67926
38217
46220
54275
36728
40486
55425
70250
46429
43162
44688
68609
47258
51646
49481
67112
51016
97380
59962
87716
63428
82503
54167
48267
61534
66486
68388
85164
44646
49100
36993
48077
85476
78037
52988
79351
72727
56868
60121
49297
47045
52732
59436
58052
96658
37343
42363
53258
77441
46507
36449
62515
73548
94925
87240
48758
58326
65288
43979
53422
70580
49104
57101
77698
51186
57383
50039
51731
71382
65640
48985
56849
75332
37275
50100
96983
49878
68669
72737
92945
70691
45261
59322
91920
54494
83369
43956
40692
34227
83544
73718
45811
86273
40985
94412
75352
53142
46292
68415
76480
48536
36732
92638
67408
67973
70241
58070
48441
44616
52383
57328
66044
51485
45533
48099
71561
40463
77741
54151
52050
40028
58143
65385
47709
42783
52557
60039
56499
94070
72547
63454
41074
66323
67738
91431
79002
36832
51176
50545
73543
68418
85298
44535
99627
70196
50031
71770
79975
46593
41404
57502
75307
69817
59154
58208
50509
54801
75435
68696
90284
80599
52123
65605
66056
68274
42255
51740
45939
50545
70928
78717
46778
48801
92146
62558
98636
62656
43621
38612
42830
40324
55054
75902
44471
51978
52010
42841
48841
59414
58387
49758
45768
57162
87311
90892
42794
45676
66279
73785
35883
73541
40090
70499
42310
43696
60908
38433
57956
85877
53523
48931
38922
74844
51975
51947
53266
92763
50892
68114
92940
53709
49333
48096
79063
45016
78041
43872
42127
56210
69250
55645
42950
45676
65238
75497
47794
58413
63749
39682
68526
44552
54488
82655
92719
38263
57474
59054
80229
60967
59095
42210
61449
49255
57354
75017
90121
39693
70197
52152
51631
52672
61345
46935
53702
98224
58537
90571
62903
70951
75221
76712
54151
88153
55456
48385
74981
67894
41164
63790
62918
51645
69026
48095
39057
44947
56128
71592
54880
49077
54131
54788
34690
60053
36577
50371
48845
48460
70974
38559
58009
92249
74728
60910
70695
51757
44116
70622
71042
83131
66155
74914
66625
54599
49557
77283
46920
73262
75496
37759
66389
45701
94938
38582
83768
75416
57882
51387
42111
68691
43975
63004
52531
83949
48886
49313
51319
63922
70355
97401
44801
58871
69604
51741
44757
52251
77273
96230
90550
42513
71740
81040
37428
53736
53912
70727
73802
51368
41603
87129
53305
88537
86969
90762
39197
59314
41037
87515
47886
73022
98679
88558
55100
61409
56804
37272
91234
56496
54991
64788
44240
57702
77305
57214
81074
87372
45553
52502
61511
95830
51676
38201
35288
68444
48126
39513
53626
40463
55336
72366
45608
50147
54702
60362
65699
92548
54868
78758
54894
57057
58254
56852
82078
79662
57571
57073
34869
76099
44945
66950
41650
51454
56712
56377
87816
52847
72889
77392
71918
49570
40463
61893
73856
54100
61379
37968
69205
61854
40265
45741
79574
71612
64012
51021
68614
47322
39750
50717
66405
70773
86363
72327
57715
97692
57125
65866
42939
51322
60729
91433
98115
71344
53201
92796
89852
87337
42110
46296
73460
67790
42817
64350
52982
49893
46433
54056
38421
97230
54637
51877
67282
55889
51143
56778
65934
37289
70225
54964
73673
61575
62451
37356
54479
53686
76594
38406
43826
59330
77738
59656
89687
67937
64405
63098
41809
62982
90564
52627
46441
51983
55741
94281
40419
39569
42359
44723
48641
66219
64249
59822
69254
75825
66763
36254
38501
96277
66754
71463
51504
72117
55113
83282
60231
84259
81673
43956
55157
83154
47752
66976
78552
65949
76551
48656
45757
65824
35462
81100
42056
60444
67682
41341
52167
87470
63591
55743
43565
59415
38197
73410
53760
41756
83441
65170
39194
44269
57207
81063
40985
60126
49989
67434
86003
52611
63485
76776
55676
46104
38866
69100
87357
66396
39405
86296
54555
71221
84012
46439
95310
39642
55266
69073
54902
73196
53608
95455
91618
45042
43241
45917
58017
58597
51498
86610
68658
76085
64269
75937
43241
43739
72891
54384
40541
91509
60953
41379
79502
80531
63922
99576
66441
44081
70267
49483
62935
59214
80644
56576
91918
39718
58295
60626
46717
41347
51385
60821
49250
87012
64056
64838
74001
60834
97359
78914
66154
79669
41806
49859
53598
35641
60654
56877
69814
55950
39700
60177
44095
62642
54022
47300
97599
68754
66164
85390
39228
82011
69966
41388
39408
35999
69806
91763
67378
64993
47719
39880
65306
45594
44487
63824
51142
46605
79773
53258
64376
94215
35114
48267
71516
94228
47784
35741
67407
46437
58587
62812
47906
52813
68401
44061
61705
45556
47621
64058
91369
56299
95896
62957
34782
57529
46609
76774
72287
70364
99709
59798
45124
61830
76341
73416
44788
68049
87883
49121
43626
71806
44550
71038
46106
88447
97320
63377
40783
70439
83188
47322
96727
69488
51369
75894
40963
40100
55732
64269
66195
48999
51849
53426
75430
60868
87016
61372
94024
37962
58142
52348
67728
47787
69789
44511
70497
91595
74944
54500
80806
47637
45993
63895
42626
86336
38421
79424
37938
42773
41061
60404
71090
72818
78172
60846
55676
54150
45872
37482
75206
60884
59279
65857
76724
63264
71221
75729
77196
73509
56996
51896
37569
59319
51802
79592
47414
63472
71556
74522
72976
61544
66041
66400
75238
79305
39476
40693
39892
82274
70441
38357
80658
64456
49946
62457
75754
42381
50359
41756
83446
91551
70641
92862
64166
53736
39532
39579
62055
98598
57460
81762
52880
47568
57460
36391
71303
34510
44050
61496
42461
49767
87533
47862
45495
36043
66962
63264
68082
36256
56706
83541
66207